-1 -1
-1 -2
-1 -26
-1 -3
-1 -4
-1 -5
-1 -6
-1 -7
-1 -8
-1 0
-1 1
-1 10
-1 11
-1 12
-1 14
-1 15
-1 194
-1 195
-1 2
-1 25
-1 3
-1 4
-1 5
-1 6
-1 7
-1 8
-1 9
-10 -1
-10 -15
-10 -17
-10 -19
-10 -2
-10 -22
-10 -25
-10 -27
-10 -3
-10 -4
-10 -5
-10 -8
-10 -9
-10 0
-10 1
-10 10
-10 11
-10 12
-10 13
-10 18
-10 2
-10 21
-10 23
-10 25
-10 28
-10 3
-10 4
-10 5
-10 6
-10 7
-10 8
-10 9
-100 -53
-11 -1
-11 -2
-11 -20
-11 -3
-11 -4
-11 -5
-11 -6
-11 -8
-11 -9
-11 0
-11 1
-11 10
-11 11
-11 12
-11 13
-11 2
-11 26
-11 3
-11 4
-11 5
-11 51
-11 6
-11 7
-11 8
-11 9
-12 -1
-12 -10
-12 -12
-12 -15
-12 -2
-12 -25
-12 -27
-12 -3
-12 -30
-12 -4
-12 -5
-12 -6
-12 -7
-12 -8
-12 -9
-12 0
-12 1
-12 10
-12 11
-12 12
-12 13
-12 16
-12 17
-12 2
-12 20
-12 22
-12 3
-12 30
-12 35
-12 4
-12 5
-12 6
-12 7
-12 8
-12 9
-1209 1348
-124 698
-124 699
-13 -1
-13 -17
-13 -2
-13 -21
-13 -3
-13 -4
-13 -5
-13 -6
-13 -8
-13 -9
-13 0
-13 1
-13 10
-13 11
-13 12
-13 13
-13 2
-13 28
-13 3
-13 4
-13 5
-13 6
-13 7
-13 8
-13 9
-14 -1
-14 -13
-14 -14
-14 -2
-14 -27
-14 -3
-14 -4
-14 -5
-14 -6
-14 -8
-14 -9
-14 0
-14 1
-14 10
-14 11
-14 12
-14 13
-14 16
-14 2
-14 23
-14 25
-14 3
-14 31
-14 4
-14 5
-14 6
-14 7
-14 8
-14 9
-144 -67
-148 -58
-148 -67
-149 -61
-15 -18
-15 -19
-15 -23
-15 -24
-15 -30
-15 -4
-15 -5
-15 -6
-15 -7
-15 -8
-15 -9
-15 10
-15 18
-15 20
-15 27
-15 6
-150 -66
-153 -73
-154 -70
-155 -65
-155 -67
-1569 -894
-1569 -895
-157 -61
-157 -62
-157 -66
-158 -78
-16 -22
-16 -4
-16 -5
-16 -6
-16 -8
-16 -9
-16 31
-160 -66
-162 -67
-162 -75
-163 -278
-163 -77
-165 -76
-167 -72
-168 -75
-17 -12
-17 -15
-17 -17
-17 -20
-17 -25
-17 -27
-17 -3
-17 -30
-17 -4
-17 -9
-17 1
-17 10
-17 16
-17 21
-17 23
-17 28
-17 4
-17 5
-17 8
-1777 52
-1778 52
-18 -8
-18 13
-18 18
-18 26
-19 -22
-19 -27
-19 -30
-19 -8
-19 114
-19 16
-19 18
-19 25
-19 30
-19 63
-19 8
-2 -1
-2 -12
-2 -15
-2 -17
-2 -19
-2 -2
-2 -22
-2 -25
-2 -3
-2 -4
-2 -5
-2 -6
-2 -7
-2 -8
-2 -9
-2 0
-2 1
-2 10
-2 11
-2 12
-2 13
-2 14
-2 15
-2 18
-2 2
-2 22
-2 3
-2 4
-2 5
-2 6
-2 7
-2 8
-2 9
-20 -12
-20 -15
-20 -17
-20 -2
-20 -20
-20 -24
-20 -5
-20 -9
-20 1
-20 10
-20 13
-20 21
-20 23
-20 28
-20 3
-20 5
-20 63
-21 26
-22 -1
-22 -12
-22 -15
-22 -17
-22 -19
-22 -2
-22 -22
-22 -24
-22 -27
-22 -30
-22 -5
-22 -8
-22 -9
-22 1
-22 11
-22 13
-22 16
-22 18
-22 21
-22 23
-22 3
-22 5
-22 8
-221 -92
-23 1838
-23 28
-23 30
-239 -59
-24 -20
-24 -27
-24 -3
-24 -4
-24 -5
-24 -9
-24 13
-24 16
-24 18
-24 2
-24 21
-24 23
-24 5
-24 8
-241 -59
-241 -60
-241 -61
-243 -63
-244 -62
-244 -67
-245 -68
-25 -12
-25 -15
-25 -17
-25 -2
-25 -22
-25 -24
-25 -29
-25 -3
-25 -4
-25 -5
-25 -8
-25 0
-25 10
-25 25
-25 28
-25 31
-25 44
-25 45
-26 -25
-26 -27
-26 117
-26 121
-26 13
-26 3
-27 -10
-27 -12
-27 -14
-27 -2
-27 -20
-27 -22
-27 -30
-27 -5
-27 -7
-27 0
-27 11
-27 122
-27 125
-27 17
-27 18
-27 20
-27 22
-27 23
-27 26
-27 29
-27 30
-27 5
-27 8
-28 -16
-28 15
-29 -12
-29 -14
-29 -2
-29 -20
-29 -22
-29 -29
-29 1
-29 10
-29 113
-29 15
-29 26
-29 30
-29 9
-3 -1
-3 -2
-3 -3
-3 -4
-3 -5
-3 -6
-3 -7
-3 -8
-3 -9
-3 0
-3 1
-3 10
-3 11
-3 12
-3 15
-3 2
-3 20
-3 27
-3 28
-3 3
-3 4
-3 47
-3 5
-3 6
-3 7
-3 8
-3 9
-30 -14
-30 -17
-30 -24
-30 -28
-30 -5
-30 -7
-30 -9
-30 12
-30 122
-30 127
-30 15
-30 18
-30 20
-30 23
-30 29
-30 3
-30 6
-31 -7
-31 127
-32 119
-33 -31
-33 -32
-344 1795
-36 118
-360 -1526
-37 -64
-37 116
-38 -64
-4 -1
-4 -10
-4 -12
-4 -17
-4 -2
-4 -22
-4 -27
-4 -29
-4 -3
-4 -4
-4 -5
-4 -6
-4 -7
-4 -8
-4 -9
-4 0
-4 1
-4 10
-4 11
-4 12
-4 13
-4 16
-4 17
-4 18
-4 2
-4 26
-4 3
-4 30
-4 31
-4 4
-4 5
-4 6
-4 7
-4 8
-4 9
-40 120
-41 124
-41 8
-42 105
-42 114
-42 116
-42 117
-42 120
-428 1785
-428 1786
-43 115
-44 114
-44 115
-45 122
-450 464
-46 100
-46 112
-46 89
-46 90
-46 93
-47 93
-49 20
-49 91
-49 97
-5 -1
-5 -14
-5 -19
-5 -2
-5 -24
-5 -3
-5 -4
-5 -5
-5 -6
-5 -7
-5 -8
-5 -9
-5 0
-5 1
-5 10
-5 11
-5 12
-5 15
-5 16
-5 17
-5 2
-5 20
-5 23
-5 27
-5 3
-5 30
-5 31
-5 32
-5 4
-5 5
-5 6
-5 7
-5 8
-5 9
-50 0
-50 26
-50 96
-51 108
-51 111
-52 90
-53 102
-53 105
-53 27
-54 114
-54 88
-54 98
-55 115
-55 81
-55 82
-56 87
-56 9
-57 83
-59 -39
-59 -40
-59 38
-59 39
-6 -1
-6 -10
-6 -11
-6 -2
-6 -23
-6 -3
-6 -4
-6 -5
-6 -6
-6 -7
-6 -8
-6 -9
-6 0
-6 1
-6 10
-6 11
-6 12
-6 2
-6 25
-6 28
-6 29
-6 3
-6 30
-6 31
-6 32
-6 4
-6 5
-6 6
-6 7
-6 8
-6 9
-60 -54
-611 -542
-611 -543
-612 -541
-612 -542
-612 -543
-62 119
-62 86
-63 -43
-63 -44
-64 102
-65 90
-66 120
-66 126
-67 82
-675 555
-69 -16
-69 -57
-69 118
-69 82
-69 85
-7 -1
-7 -10
-7 -11
-7 -12
-7 -13
-7 -15
-7 -19
-7 -2
-7 -25
-7 -27
-7 -29
-7 -3
-7 -4
-7 -5
-7 -6
-7 -7
-7 -8
-7 -9
-7 0
-7 1
-7 10
-7 11
-7 12
-7 13
-7 15
-7 18
-7 2
-7 20
-7 23
-7 3
-7 30
-7 31
-7 32
-7 4
-7 5
-7 6
-7 7
-7 8
-7 9
-70 -16
-70 88
-70 89
-71 -54
-71 -55
-72 4
-72 5
-73 4
-73 5
-74 119
-74 121
-76 119
-77 -6
-786 596
-79 119
-8 -1
-8 -10
-8 -11
-8 -12
-8 -13
-8 -17
-8 -2
-8 -3
-8 -4
-8 -5
-8 -56
-8 -6
-8 -7
-8 -8
-8 -9
-8 0
-8 1
-8 10
-8 11
-8 12
-8 2
-8 3
-8 30
-8 4
-8 5
-8 6
-8 7
-8 8
-8 9
-85 -40
-86 -42
-9 -1
-9 -11
-9 -12
-9 -2
-9 -3
-9 -30
-9 -4
-9 -5
-9 -7
-9 -8
-9 -9
-9 0
-9 1
-9 10
-9 11
-9 12
-9 13
-9 16
-9 2
-9 3
-9 30
-9 34
-9 4
-9 5
-9 6
-9 7
-9 8
-9 9
-90 -40
-92 -54
-934 228
-935 228
-98 -50
-98 -841
0 -1
0 -12
0 -15
0 -2
0 -22
0 -27
0 -3
0 -4
0 -5
0 -6
0 -7
0 -8
0 0
0 1
0 10
0 11
0 12
0 13
0 15
0 194
0 195
0 2
0 20
0 3
0 4
0 5
0 6
0 7
0 8
0 9
1 -1
1 -10
1 -17
1 -2
1 -20
1 -25
1 -3
1 -4
1 -5
1 -6
1 -7
1 -8
1 -9
1 0
1 1
1 10
1 11
1 12
1 14
1 15
1 18
1 2
1 22
1 25
1 27
1 3
1 4
1 5
1 6
1 62
1 63
1 7
1 8
1 9
10 -17
10 -2
10 -20
10 -27
10 -3
10 -4
10 -5
10 -7
10 0
10 1
10 11
10 13
10 19
10 20
10 23
10 25
10 28
10 5
10 6
10 7
10 8
1068 -1006
11 -12
11 -15
11 -2
11 -22
11 -25
11 -4
11 -5
11 -9
11 0
11 1
11 10
11 15
11 3
11 4
11 5
11 6
11 7
11 76
11 8
11 9
1138 785
1138 786
1139 785
1139 786
12 -1
12 -10
12 -14
12 -2
12 -3
12 -4
12 -5
12 -6
12 -71
12 0
12 1
12 10
12 11
12 2
12 25
12 3
12 4
12 5
12 6
12 7
12 8
12 9
1235 -1227
1257 -1669
1257 -1670
1258 -1669
1258 -1670
1299 1300
1299 1301
13 -1
13 -11
13 -16
13 -2
13 -20
13 -22
13 -25
13 -27
13 -29
13 -3
13 -4
13 -5
13 -6
13 -7
13 0
13 1
13 10
13 13
13 15
13 18
13 2
13 21
13 24
13 28
13 3
13 4
13 5
13 6
13 7
13 8
13 9
1300 1299
1300 1300
1300 1301
1300 1302
1301 1299
1301 1300
1301 1301
1301 1302
1302 1300
1302 1301
1302 1302
14 -1
14 -2
14 -25
14 -3
14 -4
14 -5
14 -6
14 -7
14 0
14 1
14 2
14 3
14 4
14 5
15 -18
15 -20
15 -21
15 -25
15 -27
15 -4
15 -5
15 -6
15 0
15 18
15 2
15 21
15 5
15 8
1562 -550
1562 -551
1563 -550
1563 -551
16 -12
16 -15
16 -3
16 -7
16 -9
16 10
16 14
16 16
16 22
16 25
16 28
162 162
162 163
1666 1828
1681 1928
1681 1929
1682 1928
1682 1929
17 -1
17 -10
17 -17
17 -22
17 -24
17 -4
17 -7
17 0
17 11
17 28
173 -1235
18 -1
18 -12
18 -15
18 -19
18 -2
18 -27
18 0
18 13
18 15
18 18
18 21
18 22
18 3
18 5
18 8
1813 1714
1813 1715
1814 1714
1814 1715
19 -1
19 0
19 19
19 20
19 21
19 22
19 26
19 44
1916 288
1916 289
1917 288
1917 289
193 193
193 194
193 195
194 193
194 194
194 195
195 193
195 194
195 195
1952 -1953
1952 -1954
1952 1955
1953 -1953
1953 -1954
1953 1955
196 194
196 195
2 -1
2 -2
2 -20
2 -3
2 -4
2 -5
2 -6
2 -7
2 -8
2 -9
2 0
2 1
2 10
2 11
2 12
2 14
2 15
2 2
2 21
2 23
2 3
2 30
2 4
2 5
2 6
2 62
2 63
2 7
2 8
2 9
20 -12
20 -15
20 -2
20 -20
20 -5
20 -7
20 -9
20 1
20 13
20 15
20 17
20 19
20 20
20 25
20 28
20 5
20 8
21 -18
21 -22
21 -25
21 -28
21 -51
21 -55
21 11
21 2
21 20
21 23
22 -61
22 17
22 28
23 -1
23 -10
23 -12
23 -15
23 -17
23 -19
23 -22
23 -25
23 -27
23 -5
23 -7
23 0
23 11
23 13
23 21
23 23
23 25
23 3
23 70
23 71
23 8
24 15
24 5
25 -12
25 -14
25 -17
25 -20
25 -25
25 -6
25 0
25 11
25 13
25 23
25 25
25 28
25 5
26 -10
26 -2
26 -22
26 -28
26 -5
26 15
26 18
26 20
26 4
26 8
27 -17
27 -55
27 13
27 15
28 -10
28 -12
28 -14
28 -19
28 -2
28 -22
28 -5
28 -7
28 1
28 11
28 18
28 20
28 23
28 28
28 3
28 6
28 8
29 -25
29 -27
29 25
3 -1
3 -10
3 -12
3 -14
3 -17
3 -2
3 -22
3 -24
3 -28
3 -3
3 -4
3 -5
3 -6
3 -7
3 -8
3 -9
3 0
3 1
3 10
3 11
3 12
3 13
3 15
3 18
3 2
3 26
3 28
3 3
3 4
3 5
3 6
3 7
3 8
3 9
33 31
33 32
35 -62
36 -59
37 8
38 27
38 28
39 27
39 28
39 55
39 56
4 -1
4 -2
4 -3
4 -4
4 -42
4 -5
4 -6
4 -7
4 -8
4 -9
4 0
4 1
4 10
4 11
4 12
4 2
4 3
4 4
4 5
4 6
4 7
4 8
4 9
40 13
40 55
40 56
418 1844
42 35
42 7
43 35
47 -14
5 -1
5 -12
5 -17
5 -2
5 -22
5 -25
5 -27
5 -28
5 -3
5 -4
5 -43
5 -5
5 -6
5 -7
5 -8
5 0
5 1
5 10
5 11
5 12
5 13
5 2
5 26
5 3
5 4
5 5
5 6
5 7
5 8
5 9
54 -67
54 -68
55 -67
55 -68
57 1046
57 55
57 56
58 58
58593 -58594
58593 -58595
58594 -58594
58594 -58595
59 58
59 63
59 64
6 -1
6 -15
6 -2
6 -20
6 -3
6 -4
6 -5
6 -6
6 -7
6 -8
6 -9
6 0
6 1
6 10
6 11
6 12
6 16
6 18
6 2
6 20
6 24
6 27
6 3
6 4
6 5
6 6
6 7
6 8
6 9
60 -63
60 63
60 64
60 75
60 76
62 -43
62 -44
63 -75
63 -76
64 -44
64 -45
7 -1
7 -15
7 -2
7 -3
7 -4
7 -5
7 -6
7 -7
7 -8
7 0
7 1
7 10
7 11
7 12
7 15
7 2
7 3
7 4
7 5
7 6
7 7
7 8
7 9
70 15
71 15
73 -59
757 -1189
77 77
77 78
78 77
78 78
8 -1
8 -12
8 -17
8 -19
8 -2
8 -22
8 -24
8 -27
8 -3
8 -4
8 -5
8 -6
8 -7
8 -8
8 -9
8 0
8 1
8 10
8 11
8 12
8 14
8 18
8 2
8 20
8 23
8 25
8 28
8 3
8 4
8 5
8 6
8 7
8 8
8 9
805 1178
806 1178
821 1467
9 -1
9 -2
9 -3
9 -4
9 -5
9 0
9 1
9 2
9 5
9 6
9 7
9 8
9 9
